"";"ID";"SYMBOL";"a0Mean";"Posterior_class_a";"Posterior_class_b";"Posterior_class_c";"Posterior_class_d"
"1";"ILMN_1857017";"";" 7.89";"0.871";"0.0430";"0.0429";"0.0429"
"2";"ILMN_1762426";"DHFRL1";" 7.06";"0.871";"0.0431";"0.0429";"0.0429"
"3";"ILMN_1889144";"";" 5.45";"0.871";"0.0429";"0.0431";"0.0429"
"4";"ILMN_2176882";"ZNF69";"10.58";"0.871";"0.0429";"0.0432";"0.0430"
"5";"ILMN_2194467";"SGCB";" 5.79";"0.871";"0.0433";"0.0431";"0.0429"
"6";"ILMN_1806349";"SLC6A8";" 6.72";"0.871";"0.0430";"0.0430";"0.0434"
"7";"ILMN_1908258";"";" 4.77";"0.871";"0.0429";"0.0436";"0.0429"
"8";"ILMN_3300797";"LOC729090";"12.87";"0.871";"0.0432";"0.0430";"0.0432"
"9";"ILMN_1772492";"MCART1";"11.26";"0.871";"0.0429";"0.0429";"0.0437"
"10";"ILMN_1687316";"NCDN";" 6.16";"0.871";"0.0435";"0.0429";"0.0430"
"11";"ILMN_1802109";"KBTBD9";" 5.46";"0.870";"0.0438";"0.0430";"0.0429"
"12";"ILMN_2115974";"GSDM1";" 4.98";"0.870";"0.0429";"0.0430";"0.0439"
"13";"ILMN_1796855";"TIAL1";" 9.84";"0.870";"0.0433";"0.0432";"0.0434"
"14";"ILMN_2407851";"IL17RD";" 9.46";"0.870";"0.0434";"0.0437";"0.0429"
"15";"ILMN_2401878";"DUSP10";" 5.97";"0.870";"0.0434";"0.0431";"0.0435"
"16";"ILMN_3294106";"LOC100190938";"12.67";"0.870";"0.0434";"0.0430";"0.0437"
"17";"ILMN_1807088";"TTC33";" 6.14";"0.870";"0.0435";"0.0430";"0.0436"
"18";"ILMN_1699071";"C21orf7";" 6.38";"0.870";"0.0429";"0.0431";"0.0441"
"19";"ILMN_1744302";"LOC645489";" 6.54";"0.870";"0.0434";"0.0429";"0.0440"
"20";"ILMN_1653896";"ATRIP";" 6.98";"0.870";"0.0442";"0.0429";"0.0434"
"21";"ILMN_1847402";"";" 5.38";"0.870";"0.0436";"0.0431";"0.0437"
"22";"ILMN_3235637";"LOC100128288";" 9.91";"0.869";"0.0440";"0.0429";"0.0438"
"23";"ILMN_2206188";"SHROOM4";" 9.01";"0.869";"0.0445";"0.0433";"0.0428"
"24";"ILMN_1739582";"HOXA9";" 9.64";"0.869";"0.0447";"0.0431";"0.0428"
"25";"ILMN_1695317";"RCBTB1";" 5.02";"0.869";"0.0434";"0.0435";"0.0437"
"26";"ILMN_3178553";"LOC100128126";" 6.00";"0.869";"0.0447";"0.0428";"0.0433"
"27";"ILMN_1796106";"MGAT4B";" 7.01";"0.869";"0.0441";"0.0440";"0.0429"
"28";"ILMN_3285959";"LOC645515";" 8.55";"0.869";"0.0433";"0.0428";"0.0450"
"29";"ILMN_1814039";"LOC653086";"10.90";"0.869";"0.0428";"0.0429";"0.0453"
"30";"ILMN_1768732";"SPAG16";" 7.89";"0.869";"0.0429";"0.0450";"0.0432"
"31";"ILMN_1771320";"FLJ38717";" 5.87";"0.869";"0.0449";"0.0433";"0.0430"
"32";"ILMN_3307954";"L3MBTL4";" 4.92";"0.869";"0.0431";"0.0436";"0.0444"
"33";"ILMN_3180420";"LOC100129269";" 8.13";"0.869";"0.0430";"0.0431";"0.0451"
"34";"ILMN_2347943";"ZNF384";" 5.82";"0.869";"0.0434";"0.0436";"0.0441"
"35";"ILMN_1790461";"C6orf125";" 9.77";"0.869";"0.0453";"0.0428";"0.0432"
"36";"ILMN_2197225";"EIF4EBP3";" 6.60";"0.869";"0.0456";"0.0428";"0.0428"
"37";"ILMN_1727165";"LOC644852";" 6.74";"0.869";"0.0450";"0.0428";"0.0435"
"38";"ILMN_2415267";"RREB1";" 6.03";"0.869";"0.0428";"0.0439";"0.0446"
"39";"ILMN_2133534";"SMA4";" 6.53";"0.869";"0.0448";"0.0429";"0.0436"
"40";"ILMN_2106265";"GDPD1";" 5.69";"0.869";"0.0429";"0.0428";"0.0457"
"41";"ILMN_1670456";"RBM42";"10.20";"0.869";"0.0443";"0.0440";"0.0432"
"42";"ILMN_1672004";"TOB1";" 9.81";"0.869";"0.0428";"0.0458";"0.0429"
"43";"ILMN_1767324";"EIF4EBP1";" 5.67";"0.868";"0.0440";"0.0449";"0.0428"
"44";"ILMN_1801852";"SEC61B";"12.54";"0.868";"0.0434";"0.0442";"0.0440"
"45";"ILMN_1720267";"TARSL2";" 5.53";"0.868";"0.0429";"0.0450";"0.0438"
"46";"ILMN_2117569";"DEM1";" 9.10";"0.868";"0.0429";"0.0458";"0.0431"
"47";"ILMN_1652913";"EZH2";" 7.43";"0.868";"0.0443";"0.0437";"0.0438"
"48";"ILMN_3276794";"LOC440027";"13.94";"0.868";"0.0438";"0.0431";"0.0448"
"49";"ILMN_2155719";"NBPF10";"11.16";"0.868";"0.0428";"0.0454";"0.0436"
"50";"ILMN_2175094";"TDRD1";" 7.54";"0.868";"0.0452";"0.0429";"0.0437"
"51";"ILMN_2233050";"PLA2G2D";" 6.71";"0.868";"0.0452";"0.0432";"0.0437"
"52";"ILMN_1671928";"PROS1";" 6.52";"0.868";"0.0435";"0.0443";"0.0441"
"53";"ILMN_1671742";"UPF3A";" 8.05";"0.868";"0.0464";"0.0428";"0.0428"
"54";"ILMN_2352216";"FBXL6";" 6.39";"0.868";"0.0438";"0.0438";"0.0445"
"55";"ILMN_1881192";"";" 5.21";"0.868";"0.0452";"0.0437";"0.0433"
"56";"ILMN_1744713";"PARK7";"11.88";"0.868";"0.0441";"0.0427";"0.0453"
"57";"ILMN_1775327";"PKM2";"11.01";"0.868";"0.0432";"0.0438";"0.0452"
"58";"ILMN_2363392";"TNFSF14";" 8.93";"0.868";"0.0427";"0.0446";"0.0449"
"59";"ILMN_3209317";"LOC644949";" 4.94";"0.868";"0.0428";"0.0468";"0.0427"
"60";"ILMN_1673369";"SEPHS1";" 8.24";"0.868";"0.0438";"0.0449";"0.0435"
"61";"ILMN_3244319";"CCDC125";" 9.74";"0.868";"0.0442";"0.0446";"0.0436"
"62";"ILMN_3283573";"LOC647276";"13.84";"0.868";"0.0428";"0.0449";"0.0448"
"63";"ILMN_3274790";"LOC648921";" 8.08";"0.868";"0.0431";"0.0464";"0.0428"
"64";"ILMN_2092232";"TSR1";" 5.10";"0.868";"0.0427";"0.0438";"0.0458"
"65";"ILMN_1686804";"CCRK";" 5.43";"0.868";"0.0441";"0.0454";"0.0430"
"66";"ILMN_3248614";"LOC152217";" 5.56";"0.868";"0.0428";"0.0453";"0.0445"
"67";"ILMN_3238053";"LOC100129211";" 9.13";"0.867";"0.0427";"0.0456";"0.0444"
"68";"ILMN_1692748";"BNC1";" 5.79";"0.867";"0.0437";"0.0464";"0.0427"
"69";"ILMN_3282395";"LOC646966";" 7.71";"0.867";"0.0433";"0.0469";"0.0427"
"70";"ILMN_1802627";"PSMG3";" 6.95";"0.867";"0.0431";"0.0463";"0.0434"
"71";"ILMN_2115949";"ZNF394";"10.17";"0.867";"0.0427";"0.0432";"0.0469"
"72";"ILMN_3260180";"FLJ25363";" 7.82";"0.867";"0.0471";"0.0431";"0.0427"
"73";"ILMN_1789106";"IPP";" 6.07";"0.867";"0.0430";"0.0448";"0.0452"
"74";"ILMN_3236637";"PIP4K2A";" 7.83";"0.867";"0.0464";"0.0438";"0.0427"
"75";"ILMN_2408645";"LOC653566";" 8.55";"0.867";"0.0438";"0.0463";"0.0430"
"76";"ILMN_1658858";"SP140L";" 5.48";"0.867";"0.0473";"0.0429";"0.0428"
"77";"ILMN_2336130";"SULT1A4";" 5.35";"0.867";"0.0428";"0.0472";"0.0432"
"78";"ILMN_2264205";"ZBTB8A";" 6.93";"0.867";"0.0427";"0.0445";"0.0461"
"79";"ILMN_1726410";"APRT";" 9.29";"0.867";"0.0466";"0.0434";"0.0433"
"80";"ILMN_1788802";"GCH1";" 5.19";"0.867";"0.0473";"0.0429";"0.0431"
"81";"ILMN_1680703";"MRPS15";"10.40";"0.867";"0.0459";"0.0448";"0.0428"
"82";"ILMN_1804884";"C22orf39";" 6.64";"0.866";"0.0435";"0.0474";"0.0427"
"83";"ILMN_1749396";"LSR";" 8.24";"0.866";"0.0481";"0.0428";"0.0427"
"84";"ILMN_1690252";"ALKBH2";" 6.08";"0.866";"0.0475";"0.0429";"0.0433"
"85";"ILMN_2317463";"INTS1";" 8.29";"0.866";"0.0442";"0.0460";"0.0435"
"86";"ILMN_3248247";"LOC100134634";" 5.66";"0.866";"0.0438";"0.0450";"0.0450"
"87";"ILMN_1673421";"LOC440704";" 8.55";"0.866";"0.0458";"0.0438";"0.0441"
"88";"ILMN_3236259";"PPIAL4A";"13.90";"0.866";"0.0474";"0.0429";"0.0434"
"89";"ILMN_2330597";"PQLC2";" 5.31";"0.866";"0.0460";"0.0430";"0.0448"
"90";"ILMN_1665065";"SERINC3";" 5.36";"0.866";"0.0483";"0.0430";"0.0426"
"91";"ILMN_1681741";"C1orf31";" 6.44";"0.866";"0.0482";"0.0431";"0.0427"
"92";"ILMN_1664921";"PPP6C";"10.93";"0.866";"0.0464";"0.0434";"0.0442"
"93";"ILMN_1747556";"CDK9";" 8.89";"0.866";"0.0442";"0.0440";"0.0460"
"94";"ILMN_2227495";"ZNF549";"11.44";"0.866";"0.0462";"0.0449";"0.0431"
"95";"ILMN_1652806";"ATP5J";" 8.19";"0.866";"0.0440";"0.0428";"0.0476"
"96";"ILMN_1689473";"ATP6V1H";" 5.26";"0.866";"0.0448";"0.0452";"0.0443"
"97";"ILMN_1679867";"LOC642255";" 6.32";"0.866";"0.0437";"0.0463";"0.0443"
"98";"ILMN_1771862";"TXNDC11";" 6.13";"0.866";"0.0428";"0.0451";"0.0463"
"99";"ILMN_3241237";"LOC100132503";" 5.60";"0.866";"0.0442";"0.0426";"0.0476"
"100";"ILMN_2115490";"NBPF20";"10.73";"0.866";"0.0475";"0.0427";"0.0442"
"101";"ILMN_2110751";"CHRNA5";" 8.93";"0.866";"0.0450";"0.0453";"0.0443"
"102";"ILMN_1688666";"HIST1H2BH";" 7.36";"0.866";"0.0475";"0.0438";"0.0432"
"103";"ILMN_1742163";"LOC441087";"11.50";"0.866";"0.0441";"0.0457";"0.0447"
"104";"ILMN_3219695";"LOC441711";" 5.42";"0.866";"0.0486";"0.0426";"0.0433"
"105";"ILMN_1697175";"TBN";" 4.97";"0.866";"0.0428";"0.0446";"0.0470"
"106";"ILMN_1801223";"WTIP";" 5.87";"0.866";"0.0448";"0.0431";"0.0466"
"107";"ILMN_1714808";"LOC441066";" 4.95";"0.865";"0.0476";"0.0443";"0.0427"
"108";"ILMN_1797566";"SNAP47";" 7.05";"0.865";"0.0431";"0.0483";"0.0431"
"109";"ILMN_1781285";"DUSP1";" 8.79";"0.865";"0.0485";"0.0427";"0.0436"
"110";"ILMN_1726169";"EDF1";"11.91";"0.865";"0.0427";"0.0439";"0.0482"
"111";"ILMN_2229950";"MPHOSPH10";" 4.86";"0.865";"0.0447";"0.0468";"0.0433"
"112";"ILMN_3181480";"FLJ36131";" 9.97";"0.865";"0.0473";"0.0439";"0.0437"
"113";"ILMN_1744006";"GFOD2";" 6.04";"0.865";"0.0488";"0.0434";"0.0428"
"114";"ILMN_1671661";"HSD17B7";"10.02";"0.865";"0.0432";"0.0463";"0.0454"
"115";"ILMN_1733560";"SPG21";" 5.69";"0.865";"0.0450";"0.0458";"0.0441"
"116";"ILMN_2179726";"C16orf93";" 7.06";"0.865";"0.0469";"0.0448";"0.0432"
"117";"ILMN_1717403";"C9orf100";" 6.37";"0.865";"0.0479";"0.0443";"0.0428"
"118";"ILMN_1725246";"COG8";" 5.15";"0.865";"0.0427";"0.0465";"0.0458"
"119";"ILMN_1740466";"FAM46A";" 7.84";"0.865";"0.0428";"0.0466";"0.0456"
"120";"ILMN_2370135";"HNRNPU";" 8.31";"0.865";"0.0432";"0.0430";"0.0488"
"121";"ILMN_1721349";"MAGT1";" 9.57";"0.865";"0.0473";"0.0433";"0.0444"
"122";"ILMN_1764871";"PIGP";" 8.69";"0.865";"0.0451";"0.0460";"0.0439"
"123";"ILMN_2334112";"WHSC1";" 6.05";"0.865";"0.0426";"0.0486";"0.0439"
"124";"ILMN_1766185";"AXIN1";" 7.94";"0.865";"0.0443";"0.0480";"0.0428"
"125";"ILMN_3278906";"LOC644464";"13.79";"0.865";"0.0426";"0.0444";"0.0481"
"126";"ILMN_1716368";"CCDC111";" 5.74";"0.865";"0.0443";"0.0446";"0.0464"
"127";"ILMN_1893026";"";" 4.75";"0.865";"0.0447";"0.0479";"0.0426"
"128";"ILMN_2057566";"PGP";" 5.83";"0.865";"0.0445";"0.0468";"0.0438"
"129";"ILMN_1736068";"CNOT8";" 7.18";"0.865";"0.0494";"0.0431";"0.0428"
"130";"ILMN_2148012";"EPR1";" 5.02";"0.865";"0.0428";"0.0436";"0.0489"
"131";"ILMN_3277511";"LOC100133315";" 4.96";"0.865";"0.0426";"0.0427";"0.0500"
"132";"ILMN_2202930";"PCYT2";" 5.68";"0.865";"0.0429";"0.0449";"0.0475"
"133";"ILMN_3237534";"LOC100133517";" 6.12";"0.865";"0.0479";"0.0427";"0.0448"
"134";"ILMN_1671039";"GALNT3";" 5.78";"0.865";"0.0430";"0.0492";"0.0433"
"135";"ILMN_1841133";"";" 5.08";"0.865";"0.0459";"0.0437";"0.0459"
"136";"ILMN_1654735";"SLCO3A1";" 8.30";"0.865";"0.0441";"0.0481";"0.0433"
"137";"ILMN_1681855";"TBC1D25";" 5.20";"0.865";"0.0437";"0.0454";"0.0464"
"138";"ILMN_1663033";"TMEM129";" 6.01";"0.865";"0.0451";"0.0441";"0.0463"
"139";"ILMN_2093748";"ZNF669";" 6.95";"0.865";"0.0437";"0.0433";"0.0485"
"140";"ILMN_2243516";"C11orf63";" 6.74";"0.864";"0.0443";"0.0485";"0.0428"
"141";"ILMN_2073520";"C2orf21";" 4.87";"0.864";"0.0470";"0.0456";"0.0430"
"142";"ILMN_1804735";"CBS";" 8.18";"0.864";"0.0426";"0.0501";"0.0429"
"143";"ILMN_1675117";"HSD17B11";" 5.86";"0.864";"0.0464";"0.0426";"0.0467"
"144";"ILMN_1662097";"SLC25A43";" 6.43";"0.864";"0.0430";"0.0444";"0.0482"
"145";"ILMN_1687592";"WWC3";" 7.57";"0.864";"0.0453";"0.0432";"0.0470"
"146";"ILMN_1830598";"";" 5.82";"0.864";"0.0430";"0.0428";"0.0500"
"147";"ILMN_1681888";"PRKAR2A";" 5.76";"0.864";"0.0429";"0.0498";"0.0430"
"148";"ILMN_1661653";"DET1";" 6.53";"0.864";"0.0443";"0.0484";"0.0431"
"149";"ILMN_1671291";"EIF3I";"11.42";"0.864";"0.0436";"0.0490";"0.0432"
"150";"ILMN_2385866";"PHF1";" 5.61";"0.864";"0.0460";"0.0465";"0.0433"
"151";"ILMN_1672589";"SEMA4B";"10.06";"0.864";"0.0477";"0.0451";"0.0430"
"152";"ILMN_2313889";"ZNF682";"10.70";"0.864";"0.0465";"0.0460";"0.0434"
"153";"ILMN_1684158";"GPT2";" 8.21";"0.864";"0.0428";"0.0435";"0.0495"
"154";"ILMN_1736077";"LIAS";" 7.70";"0.864";"0.0496";"0.0438";"0.0425"
"155";"ILMN_3261345";"LOC100130053";" 8.59";"0.864";"0.0435";"0.0499";"0.0426"
"156";"ILMN_1684663";"ZDHHC13";" 7.48";"0.864";"0.0425";"0.0426";"0.0508"
"157";"ILMN_2229032";"NME6";" 6.88";"0.864";"0.0431";"0.0501";"0.0428"
"158";"ILMN_1753353";"SLBP";"10.07";"0.864";"0.0445";"0.0482";"0.0433"
"159";"ILMN_2262444";"PDE7A";" 6.06";"0.864";"0.0496";"0.0430";"0.0436"
"160";"ILMN_1687201";"APOL6";" 5.16";"0.864";"0.0471";"0.0466";"0.0425"
"161";"ILMN_2130078";"CDKN2AIPNL";"12.15";"0.864";"0.0458";"0.0477";"0.0427"
"162";"ILMN_1744046";"DIAPH2";" 6.50";"0.864";"0.0470";"0.0430";"0.0462"
"163";"ILMN_3235410";"HIATL2";"10.27";"0.864";"0.0465";"0.0471";"0.0426"
"164";"ILMN_1773849";"ATP6V0C";" 7.28";"0.864";"0.0483";"0.0446";"0.0434"
"165";"ILMN_1653496";"GLUL";" 5.31";"0.864";"0.0438";"0.0453";"0.0472"
"166";"ILMN_1908135";"";" 4.95";"0.864";"0.0425";"0.0433";"0.0505"
"167";"ILMN_1766110";"PHF6";" 5.15";"0.864";"0.0483";"0.0454";"0.0426"
"168";"ILMN_1662681";"AMBRA1";" 5.22";"0.864";"0.0495";"0.0426";"0.0443"
"169";"ILMN_1752953";"BCL2L12";"10.37";"0.864";"0.0436";"0.0503";"0.0426"
"170";"ILMN_3290380";"LOC387703";"10.37";"0.864";"0.0451";"0.0437";"0.0476"
"171";"ILMN_2398077";"MEIS2";" 5.39";"0.864";"0.0430";"0.0462";"0.0472"
"172";"ILMN_1713679";"MREG";" 5.28";"0.864";"0.0501";"0.0438";"0.0425"
"173";"ILMN_1732318";"PTK2B";" 5.45";"0.864";"0.0483";"0.0427";"0.0454"
"174";"ILMN_1744914";"FUCA2";" 8.78";"0.864";"0.0427";"0.0482";"0.0456"
"175";"ILMN_1741334";"IKZF4";" 5.31";"0.864";"0.0427";"0.0511";"0.0427"
"176";"ILMN_1680692";"NUCKS1";" 7.28";"0.864";"0.0425";"0.0442";"0.0498"
"177";"ILMN_1792489";"ARPC2";"12.75";"0.863";"0.0473";"0.0434";"0.0459"
"178";"ILMN_1659682";"GALK2";" 5.65";"0.863";"0.0471";"0.0427";"0.0468"
"179";"ILMN_1749243";"BANF1";" 6.57";"0.863";"0.0492";"0.0436";"0.0439"
"180";"ILMN_3238183";"BMS1P5";"11.00";"0.863";"0.0443";"0.0492";"0.0431"
"181";"ILMN_2207988";"SERPINI1";" 4.98";"0.863";"0.0471";"0.0462";"0.0435"
"182";"ILMN_1694587";"EEF1B2";"12.30";"0.863";"0.0433";"0.0500";"0.0435"
"183";"ILMN_3301585";"LOC730993";" 6.49";"0.863";"0.0510";"0.0425";"0.0432"
"184";"ILMN_1690077";"PPM1A";" 5.45";"0.863";"0.0466";"0.0427";"0.0476"
"185";"ILMN_3246608";"CENPV";" 7.71";"0.863";"0.0472";"0.0466";"0.0431"
"186";"ILMN_1880983";"";" 5.34";"0.863";"0.0455";"0.0488";"0.0426"
"187";"ILMN_1674710";"LOC647784";" 5.61";"0.863";"0.0430";"0.0488";"0.0450"
"188";"ILMN_1761262";"MPI";" 5.79";"0.863";"0.0494";"0.0425";"0.0450"
"189";"ILMN_2274775";"SLC44A4";"12.31";"0.863";"0.0482";"0.0454";"0.0433"
"190";"ILMN_1774066";"TMEM141";"10.02";"0.863";"0.0425";"0.0505";"0.0439"
"191";"ILMN_1662954";"CCT7";" 9.50";"0.863";"0.0426";"0.0478";"0.0466"
"192";"ILMN_1815303";"LOC642197";" 8.47";"0.863";"0.0456";"0.0471";"0.0444"
"193";"ILMN_3211857";"LOC648822";" 7.71";"0.863";"0.0464";"0.0437";"0.0470"
"194";"ILMN_1707175";"NSD1";" 5.09";"0.863";"0.0442";"0.0436";"0.0493"
"195";"ILMN_3251521";"PARG";" 5.00";"0.863";"0.0451";"0.0489";"0.0431"
"196";"ILMN_2383107";"VPS41";" 8.56";"0.863";"0.0435";"0.0489";"0.0447"
"197";"ILMN_3182020";"LOC100129441";" 5.56";"0.863";"0.0454";"0.0435";"0.0483"
"198";"ILMN_2404795";"SULT1A1";" 9.97";"0.863";"0.0452";"0.0471";"0.0450"
"199";"ILMN_1692145";"ZNF14";"11.30";"0.863";"0.0458";"0.0461";"0.0454"
"200";"ILMN_1738955";"C10orf104";" 8.58";"0.863";"0.0488";"0.0446";"0.0439"
"201";"ILMN_1690099";"ITGB1BP1";" 9.94";"0.863";"0.0431";"0.0464";"0.0478"
"202";"ILMN_1657317";"POLR2J";" 5.94";"0.863";"0.0427";"0.0510";"0.0436"
"203";"ILMN_3243606";"C14orf174";" 5.86";"0.863";"0.0425";"0.0425";"0.0524"
"204";"ILMN_1755114";"EIF2AK4";" 7.86";"0.863";"0.0444";"0.0426";"0.0504"
"205";"ILMN_2360229";"MAPKAP1";" 8.39";"0.863";"0.0425";"0.0432";"0.0517"
"206";"ILMN_1714335";"RDH10";"11.13";"0.863";"0.0438";"0.0466";"0.0470"
"207";"ILMN_3246724";"CISD3";" 5.38";"0.863";"0.0487";"0.0448";"0.0440"
"208";"ILMN_1701854";"GNG5";" 9.43";"0.863";"0.0492";"0.0457";"0.0426"
"209";"ILMN_2363027";"RAD51";" 7.13";"0.863";"0.0453";"0.0426";"0.0497"
"210";"ILMN_1685088";"RPL36";"12.39";"0.863";"0.0517";"0.0425";"0.0433"
"211";"ILMN_2358783";"ASB3";" 8.04";"0.862";"0.0449";"0.0442";"0.0486"
"212";"ILMN_1695763";"PDIA5";" 7.28";"0.862";"0.0470";"0.0480";"0.0426"
"213";"ILMN_1753663";"ARL4A";" 5.23";"0.862";"0.0433";"0.0456";"0.0488"
"214";"ILMN_2359907";"CD68";" 8.92";"0.862";"0.0425";"0.0513";"0.0440"
"215";"ILMN_1681802";"GRK6";" 5.55";"0.862";"0.0496";"0.0446";"0.0435"
"216";"ILMN_1672966";"RCP9";" 5.44";"0.862";"0.0493";"0.0455";"0.0429"
"217";"ILMN_1802053";"ZNF91";" 5.49";"0.862";"0.0521";"0.0425";"0.0431"
"218";"ILMN_2122511";"CCBE1";" 9.71";"0.862";"0.0433";"0.0520";"0.0425"
"219";"ILMN_2405680";"CRB3";" 7.22";"0.862";"0.0450";"0.0460";"0.0468"
"220";"ILMN_1723092";"CRB3";" 8.86";"0.862";"0.0480";"0.0427";"0.0470"
"221";"ILMN_1801909";"IGHMBP2";" 4.84";"0.862";"0.0425";"0.0506";"0.0448"
"222";"ILMN_3206390";"LOC727808";"13.41";"0.862";"0.0498";"0.0452";"0.0427"
"223";"ILMN_1659894";"SLC25A26";" 5.27";"0.862";"0.0474";"0.0479";"0.0425"
"224";"ILMN_1781104";"MAP2K7";" 5.68";"0.862";"0.0442";"0.0476";"0.0461"
"225";"ILMN_2408576";"FAM129B";"10.47";"0.862";"0.0438";"0.0462";"0.0480"
"226";"ILMN_1752559";"FBS1";" 4.85";"0.862";"0.0505";"0.0427";"0.0448"
"227";"ILMN_1804642";"SMUG1";" 9.40";"0.862";"0.0427";"0.0510";"0.0443"
"228";"ILMN_1724333";"TOR1B";" 7.76";"0.862";"0.0440";"0.0492";"0.0447"
"229";"ILMN_1657803";"CFH";" 5.11";"0.862";"0.0442";"0.0509";"0.0431"
"230";"ILMN_1791057";"IFNAR2";" 5.96";"0.862";"0.0523";"0.0428";"0.0429"
"231";"ILMN_3177271";"LOC100129585";" 9.10";"0.862";"0.0435";"0.0424";"0.0521"
"232";"ILMN_3277321";"LOC392264";" 5.13";"0.862";"0.0531";"0.0425";"0.0426"
"233";"ILMN_1722450";"NSUN5B";" 5.16";"0.862";"0.0424";"0.0439";"0.0518"
"234";"ILMN_2405023";"PPP1CB";" 6.06";"0.862";"0.0427";"0.0529";"0.0425"
"235";"ILMN_2287888";"PSMC4";" 8.18";"0.862";"0.0497";"0.0443";"0.0441"
"236";"ILMN_1760683";"SFRS9";"11.99";"0.862";"0.0503";"0.0451";"0.0427"
"237";"ILMN_1734559";"SORD";" 5.48";"0.862";"0.0512";"0.0436";"0.0433"
"238";"ILMN_1693333";"TMEM19";" 5.26";"0.862";"0.0492";"0.0450";"0.0439"
"239";"ILMN_3246962";"CYTSA";" 7.23";"0.862";"0.0493";"0.0447";"0.0442"
"240";"ILMN_1714896";"SART3";" 6.31";"0.862";"0.0426";"0.0530";"0.0426"
"241";"ILMN_2284181";"UGP2";" 5.29";"0.862";"0.0424";"0.0480";"0.0478"
"242";"ILMN_1654289";"ELK1";" 8.25";"0.862";"0.0429";"0.0528";"0.0426"
"243";"ILMN_2087941";"ENTPD3";" 7.37";"0.862";"0.0525";"0.0434";"0.0424"
"244";"ILMN_3261747";"LOC100128729";" 5.12";"0.862";"0.0449";"0.0458";"0.0476"
"245";"ILMN_1785711";"NEDD8";" 8.84";"0.862";"0.0461";"0.0433";"0.0489"
"246";"ILMN_1697777";"TSTA3";" 6.30";"0.862";"0.0446";"0.0511";"0.0426"
"247";"ILMN_3249658";"LOC100134868";" 8.63";"0.862";"0.0488";"0.0459";"0.0437"
"248";"ILMN_3250427";"LOC646278";" 5.08";"0.862";"0.0472";"0.0429";"0.0483"
"249";"ILMN_3220718";"LOC729086";" 5.78";"0.862";"0.0515";"0.0439";"0.0431"
"250";"ILMN_3300198";"LOC729580";" 5.74";"0.862";"0.0499";"0.0452";"0.0433"
"251";"ILMN_1728779";"NGLY1";" 7.89";"0.862";"0.0434";"0.0424";"0.0526"
"252";"ILMN_2129649";"RAB27B";" 5.38";"0.862";"0.0432";"0.0425";"0.0527"
"253";"ILMN_1719468";"EPM2A";" 5.35";"0.862";"0.0469";"0.0449";"0.0467"
"254";"ILMN_1699632";"RANBP3";" 5.07";"0.862";"0.0481";"0.0425";"0.0480"
"255";"ILMN_3239198";"LOC100132829";" 5.01";"0.861";"0.0490";"0.0424";"0.0472"
"256";"ILMN_1712999";"LOC642103";" 4.98";"0.861";"0.0451";"0.0497";"0.0438"
"257";"ILMN_1702171";"LPCAT1";" 8.65";"0.861";"0.0459";"0.0437";"0.0490"
"258";"ILMN_1803110";"SF3B3";" 8.88";"0.861";"0.0462";"0.0460";"0.0465"
"259";"ILMN_1802146";"ZNF74";" 5.01";"0.861";"0.0433";"0.0455";"0.0498"
"260";"ILMN_2358784";"ASB3";" 9.07";"0.861";"0.0434";"0.0427";"0.0527"
"261";"ILMN_2160718";"C11orf47";" 5.03";"0.861";"0.0454";"0.0479";"0.0453"
"262";"ILMN_1822180";"";" 5.20";"0.861";"0.0425";"0.0523";"0.0439"
"263";"ILMN_1709728";"SLC30A5";" 9.09";"0.861";"0.0472";"0.0483";"0.0432"
"264";"ILMN_1660027";"FCGR2B";" 5.13";"0.861";"0.0538";"0.0426";"0.0425"
"265";"ILMN_1745499";"UXT";" 5.34";"0.861";"0.0504";"0.0446";"0.0437"
"266";"ILMN_2120340";"RUVBL2";" 9.82";"0.861";"0.0514";"0.0451";"0.0424"
"267";"ILMN_1725366";"SLC27A5";" 5.57";"0.861";"0.0464";"0.0465";"0.0460"
"268";"ILMN_1657283";"ALKBH5";"12.02";"0.861";"0.0474";"0.0491";"0.0424"
"269";"ILMN_1812489";"CCDC21";" 6.50";"0.861";"0.0480";"0.0466";"0.0443"
"270";"ILMN_1747318";"INADL";" 5.29";"0.861";"0.0515";"0.0441";"0.0433"
"271";"ILMN_1710124";"CMTM8";" 8.02";"0.861";"0.0434";"0.0445";"0.0512"
"272";"ILMN_1777519";"ITGB7";" 6.27";"0.861";"0.0427";"0.0425";"0.0539"
"273";"ILMN_3284177";"LOC100132425";" 7.75";"0.861";"0.0527";"0.0438";"0.0426"
"274";"ILMN_1660345";"NGRN";" 8.23";"0.861";"0.0525";"0.0434";"0.0432"
"275";"ILMN_3249419";"LOC728457";" 7.29";"0.861";"0.0455";"0.0449";"0.0488"
"276";"ILMN_1679358";"ZDHHC5";" 8.59";"0.861";"0.0491";"0.0476";"0.0426"
"277";"ILMN_1661554";"DIAPH1";" 9.14";"0.861";"0.0432";"0.0504";"0.0457"
"278";"ILMN_1811515";"DLG3";" 5.31";"0.861";"0.0427";"0.0534";"0.0431"
"279";"ILMN_2335319";"KCNG3";" 4.84";"0.861";"0.0505";"0.0464";"0.0424"
"280";"ILMN_1794863";"CAMK2N1";" 9.59";"0.861";"0.0431";"0.0463";"0.0501"
"281";"ILMN_1816157";"";" 4.95";"0.861";"0.0506";"0.0453";"0.0435"
"282";"ILMN_1770831";"LOC641978";" 4.95";"0.861";"0.0425";"0.0461";"0.0508"
"283";"ILMN_2229242";"LSM3";"11.20";"0.861";"0.0525";"0.0442";"0.0427"
"284";"ILMN_2288483";"C3orf34";"10.38";"0.861";"0.0466";"0.0462";"0.0468"
"285";"ILMN_1652123";"HMGN1";"11.00";"0.861";"0.0530";"0.0427";"0.0439"
"286";"ILMN_2400292";"MAPK9";" 8.61";"0.861";"0.0425";"0.0509";"0.0461"
"287";"ILMN_1783728";"TBRG4";" 9.60";"0.861";"0.0482";"0.0473";"0.0440"
"288";"ILMN_1665557";"USP15";" 6.07";"0.861";"0.0458";"0.0510";"0.0428"
"289";"ILMN_2235745";"GRIPAP1";" 9.45";"0.860";"0.0425";"0.0478";"0.0493"
"290";"ILMN_3213792";"LOC439953";"13.86";"0.860";"0.0431";"0.0450";"0.0516"
"291";"ILMN_3226618";"LOC729667";" 4.86";"0.860";"0.0433";"0.0511";"0.0452"
"292";"ILMN_2312386";"PAIP1";" 6.78";"0.860";"0.0445";"0.0494";"0.0458"
"293";"ILMN_1652929";"POGZ";" 5.14";"0.860";"0.0499";"0.0471";"0.0425"
"294";"ILMN_1734602";"SRRM2";"10.55";"0.860";"0.0464";"0.0425";"0.0507"
"295";"ILMN_1739253";"STAMBP";"10.11";"0.860";"0.0519";"0.0428";"0.0449"
"296";"ILMN_2343563";"ANAPC11";" 9.34";"0.860";"0.0475";"0.0430";"0.0491"
"297";"ILMN_1811264";"C15orf57";" 8.92";"0.860";"0.0533";"0.0439";"0.0424"
"298";"ILMN_1740903";"C7orf49";" 7.49";"0.860";"0.0444";"0.0524";"0.0430"
"299";"ILMN_1677032";"DSP";" 6.46";"0.860";"0.0535";"0.0425";"0.0437"
"300";"ILMN_1814808";"BFAR";" 8.35";"0.860";"0.0464";"0.0505";"0.0428"
"301";"ILMN_1655625";"GPATCH1";" 5.17";"0.860";"0.0425";"0.0425";"0.0549"
"302";"ILMN_1904980";"";" 7.82";"0.860";"0.0549";"0.0424";"0.0425"
"303";"ILMN_1682664";"LOC644809";" 5.41";"0.860";"0.0425";"0.0549";"0.0424"
"304";"ILMN_2290118";"MEGF9";" 7.14";"0.860";"0.0438";"0.0532";"0.0429"
"305";"ILMN_1755749";"PGK1";"11.59";"0.860";"0.0433";"0.0451";"0.0514"
"306";"ILMN_2290808";"RPL21";" 7.96";"0.860";"0.0503";"0.0424";"0.0471"
"307";"ILMN_1693905";"HAT1";" 7.98";"0.860";"0.0424";"0.0505";"0.0470"
"308";"ILMN_1654915";"LOC646786";" 8.44";"0.860";"0.0431";"0.0476";"0.0492"
"309";"ILMN_3247895";"LOC728188";" 7.97";"0.860";"0.0425";"0.0430";"0.0543"
"310";"ILMN_3307935";"ATP10A";" 5.80";"0.860";"0.0447";"0.0469";"0.0484"
"311";"ILMN_1771039";"GTSE1";" 7.89";"0.860";"0.0517";"0.0424";"0.0460"
"312";"ILMN_1663173";"LOC442582";" 5.07";"0.860";"0.0432";"0.0426";"0.0541"
"313";"ILMN_2116556";"LSM5";" 8.52";"0.860";"0.0425";"0.0548";"0.0427"
"314";"ILMN_1703435";"ZNF658";" 6.23";"0.860";"0.0467";"0.0500";"0.0433"
"315";"ILMN_1737344";"DDX41";" 7.90";"0.860";"0.0430";"0.0450";"0.0521"
"316";"ILMN_3293244";"LOC100131744";" 4.99";"0.860";"0.0430";"0.0503";"0.0468"
"317";"ILMN_3236215";"LOC100144603";" 5.12";"0.860";"0.0479";"0.0484";"0.0438"
"318";"ILMN_1654320";"LOC644250";" 9.53";"0.860";"0.0469";"0.0482";"0.0450"
"319";"ILMN_2331501";"UBC";"14.08";"0.860";"0.0466";"0.0440";"0.0495"
"320";"ILMN_2133205";"GPX2";"12.11";"0.860";"0.0520";"0.0458";"0.0424"
"321";"ILMN_3209117";"LOC644214";" 9.06";"0.860";"0.0449";"0.0491";"0.0462"
"322";"ILMN_3237645";"LRTOMT";" 5.77";"0.860";"0.0474";"0.0424";"0.0504"
"323";"ILMN_2278819";"PDE7A";" 5.69";"0.860";"0.0538";"0.0423";"0.0441"
"324";"ILMN_1696187";"PYGL";" 8.99";"0.860";"0.0488";"0.0489";"0.0425"
"325";"ILMN_1694027";"SESN3";" 8.16";"0.860";"0.0429";"0.0457";"0.0517"
"326";"ILMN_1768488";"TERF2";" 8.59";"0.860";"0.0506";"0.0465";"0.0431"
"327";"ILMN_1770623";"FAM58A";" 8.57";"0.860";"0.0441";"0.0452";"0.0511"
"328";"ILMN_2144162";"FLJ25006";" 5.62";"0.860";"0.0499";"0.0474";"0.0430"
"329";"ILMN_1756079";"WASF1";" 5.05";"0.860";"0.0494";"0.0481";"0.0428"
"330";"ILMN_1810680";"BOLA2";" 4.85";"0.860";"0.0431";"0.0545";"0.0428"
"331";"ILMN_2205470";"FAM153B";" 6.39";"0.860";"0.0474";"0.0434";"0.0495"
"332";"ILMN_3237404";"LOC100132585";" 9.71";"0.860";"0.0532";"0.0433";"0.0438"
"333";"ILMN_2210386";"TMEM17";"10.71";"0.860";"0.0482";"0.0497";"0.0424"
"334";"ILMN_3237396";"AAGAB";" 8.24";"0.860";"0.0501";"0.0424";"0.0480"
"335";"ILMN_3281309";"LOC100131850";" 5.26";"0.860";"0.0532";"0.0449";"0.0423"
"336";"ILMN_1773716";"MRPL9";" 8.06";"0.860";"0.0470";"0.0432";"0.0502"
"337";"ILMN_1654893";"SCAMP2";" 5.50";"0.860";"0.0508";"0.0431";"0.0465"
"338";"ILMN_2405991";"TRAF7";" 5.65";"0.860";"0.0435";"0.0473";"0.0497"
"339";"ILMN_1708369";"EPS15L1";" 5.44";"0.859";"0.0425";"0.0547";"0.0434"
"340";"ILMN_2207505";"LEP";" 7.85";"0.859";"0.0450";"0.0476";"0.0480"
"341";"ILMN_1737430";"LOC347364";" 4.89";"0.859";"0.0433";"0.0436";"0.0537"
"342";"ILMN_1765043";"RPL38";"13.26";"0.859";"0.0493";"0.0471";"0.0441"
"343";"ILMN_2110496";"C21orf91";" 6.08";"0.859";"0.0490";"0.0483";"0.0434"
"344";"ILMN_1689552";"FAM63A";" 8.08";"0.859";"0.0491";"0.0425";"0.0491"
"345";"ILMN_1816244";"";" 7.22";"0.859";"0.0522";"0.0456";"0.0429"
"346";"ILMN_1781373";"IFIH1";" 6.49";"0.859";"0.0428";"0.0468";"0.0511"
"347";"ILMN_1703233";"LOC653382";" 5.02";"0.859";"0.0559";"0.0423";"0.0425"
"348";"ILMN_1667132";"NANP";" 5.10";"0.859";"0.0517";"0.0449";"0.0441"
"349";"ILMN_2078547";"HSPC268";" 9.12";"0.859";"0.0442";"0.0539";"0.0428"
"350";"ILMN_1736555";"ZNF280D";" 6.44";"0.859";"0.0423";"0.0536";"0.0449"
"351";"ILMN_1783956";"ATP8B4";" 4.84";"0.859";"0.0439";"0.0448";"0.0523"
"352";"ILMN_1343291";"EEF1A1";"14.20";"0.859";"0.0424";"0.0463";"0.0522"
"353";"ILMN_1813100";"KIAA1244";" 6.13";"0.859";"0.0423";"0.0539";"0.0447"
"354";"ILMN_1659259";"PRPF6";" 5.48";"0.859";"0.0448";"0.0446";"0.0514"
"355";"ILMN_1720513";"SETBP1";" 7.08";"0.859";"0.0541";"0.0423";"0.0444"
"356";"ILMN_1784785";"COPS7B";" 8.48";"0.859";"0.0431";"0.0556";"0.0423"
"357";"ILMN_1874323";"";" 5.43";"0.859";"0.0539";"0.0423";"0.0447"
"358";"ILMN_1773819";"LOC648605";" 6.30";"0.859";"0.0511";"0.0427";"0.0472"
"359";"ILMN_2113535";"PCYOX1";" 7.25";"0.859";"0.0461";"0.0483";"0.0466"
"360";"ILMN_3241626";"QRFPR";" 9.66";"0.859";"0.0451";"0.0531";"0.0429"
"361";"ILMN_2370588";"TRIOBP";" 5.59";"0.859";"0.0463";"0.0457";"0.0491"
"362";"ILMN_2268026";"C15orf44";" 6.36";"0.859";"0.0507";"0.0430";"0.0473"
"363";"ILMN_3275590";"LOC647302";"10.85";"0.859";"0.0424";"0.0541";"0.0446"
"364";"ILMN_1718303";"PVRL2";" 6.45";"0.859";"0.0548";"0.0431";"0.0432"
"365";"ILMN_1799367";"TXNDC14";"10.97";"0.859";"0.0504";"0.0460";"0.0447"
"366";"ILMN_1684054";"ASAH1";" 5.19";"0.859";"0.0438";"0.0526";"0.0449"
"367";"ILMN_1731193";"BCL2L12";" 5.04";"0.859";"0.0513";"0.0475";"0.0424"
"368";"ILMN_2331658";"C3orf17";" 6.40";"0.859";"0.0432";"0.0555";"0.0425"
"369";"ILMN_3218292";"LOC202781";" 9.59";"0.859";"0.0429";"0.0467";"0.0516"
"370";"ILMN_1745242";"PLSCR1";" 7.49";"0.859";"0.0556";"0.0423";"0.0433"
"371";"ILMN_3244248";"TMEM14D";"10.48";"0.859";"0.0423";"0.0488";"0.0501"
"372";"ILMN_1813625";"TRIM25";" 8.24";"0.859";"0.0533";"0.0436";"0.0443"
"373";"ILMN_1766762";"DYNLRB1";" 5.75";"0.859";"0.0511";"0.0472";"0.0430"
"374";"ILMN_3235949";"HIST1H3E";" 5.55";"0.859";"0.0423";"0.0429";"0.0562"
"375";"ILMN_1765547";"IRF2";" 5.63";"0.859";"0.0423";"0.0496";"0.0493"
"376";"ILMN_2330495";"OCIAD1";"11.18";"0.859";"0.0439";"0.0489";"0.0485"
"377";"ILMN_1672795";"SH2D5";" 4.98";"0.859";"0.0486";"0.0423";"0.0503"
"378";"ILMN_3275033";"LOC646841";" 5.21";"0.859";"0.0423";"0.0424";"0.0568"
"379";"ILMN_1686401";"LOC728739";" 8.26";"0.859";"0.0472";"0.0440";"0.0502"
"380";"ILMN_2352881";"NR6A1";" 4.90";"0.859";"0.0425";"0.0472";"0.0516"
"381";"ILMN_2199022";"SAP30BP";" 7.16";"0.859";"0.0554";"0.0437";"0.0423"
"382";"ILMN_2394523";"TMEM231";" 6.00";"0.859";"0.0452";"0.0528";"0.0434"
"383";"ILMN_1742889";"WDR77";" 8.30";"0.859";"0.0446";"0.0423";"0.0546"
"384";"ILMN_1692332";"ALOX12B";" 5.15";"0.859";"0.0485";"0.0500";"0.0429"
"385";"ILMN_1745620";"KRCC1";" 8.56";"0.859";"0.0437";"0.0546";"0.0431"
"386";"ILMN_2061435";"MEG3";" 5.25";"0.859";"0.0476";"0.0516";"0.0423"
"387";"ILMN_1781966";"OSBP2";" 6.67";"0.859";"0.0482";"0.0505";"0.0429"
"388";"ILMN_1665280";"SPCS1";"11.03";"0.859";"0.0429";"0.0456";"0.0529"
"389";"ILMN_1751328";"FAM83H";" 9.26";"0.858";"0.0539";"0.0451";"0.0427"
"390";"ILMN_2387742";"HNRNPA1L2";" 6.44";"0.858";"0.0423";"0.0423";"0.0570"
"391";"ILMN_3265143";"LOC100129502";" 8.25";"0.858";"0.0534";"0.0459";"0.0423"
"392";"ILMN_1775473";"LOC400652";" 5.29";"0.858";"0.0504";"0.0481";"0.0431"
"393";"ILMN_2310253";"TARBP2";" 6.26";"0.858";"0.0440";"0.0553";"0.0423"
"394";"ILMN_1673804";"ZNF426";" 6.45";"0.858";"0.0568";"0.0425";"0.0423"
"395";"ILMN_1730995";"AFAP1L2";" 8.79";"0.858";"0.0428";"0.0477";"0.0513"
"396";"ILMN_2132458";"CLDN4";" 5.35";"0.858";"0.0567";"0.0426";"0.0424"
"397";"ILMN_1776826";"FLJ32810";" 5.23";"0.858";"0.0496";"0.0496";"0.0425"
"398";"ILMN_3232282";"LOC100130445";"11.68";"0.858";"0.0486";"0.0430";"0.0501"
"399";"ILMN_1689327";"LOC730534";"12.83";"0.858";"0.0429";"0.0526";"0.0463"
"400";"ILMN_1660935";"MGC5139";" 5.79";"0.858";"0.0448";"0.0506";"0.0462"
"401";"ILMN_1734827";"MKI67";" 6.28";"0.858";"0.0423";"0.0436";"0.0558"
"402";"ILMN_1801040";"SPN";" 5.54";"0.858";"0.0423";"0.0494";"0.0501"
"403";"ILMN_1748481";"TMEM199";" 7.52";"0.858";"0.0520";"0.0454";"0.0444"
"404";"ILMN_1695491";"WDYHV1";" 8.31";"0.858";"0.0469";"0.0438";"0.0510"
"405";"ILMN_1749809";"ZNF813";" 5.38";"0.858";"0.0446";"0.0525";"0.0446"
"406";"ILMN_1805131";"C17orf90";" 5.98";"0.858";"0.0569";"0.0426";"0.0423"
"407";"ILMN_1805668";"ZNF486";"11.90";"0.858";"0.0464";"0.0477";"0.0478"
"408";"ILMN_1738718";"CYB561D2";" 7.08";"0.858";"0.0442";"0.0539";"0.0440"
"409";"ILMN_1797929";"MICA";" 5.77";"0.858";"0.0516";"0.0470";"0.0435"
"410";"ILMN_2383611";"PTPRE";" 6.96";"0.858";"0.0439";"0.0452";"0.0529"
"411";"ILMN_1711089";"DNAJC21";" 5.65";"0.858";"0.0468";"0.0461";"0.0492"
"412";"ILMN_1816713";"";" 5.08";"0.858";"0.0447";"0.0492";"0.0482"
"413";"ILMN_1805742";"DHX37";" 4.93";"0.858";"0.0425";"0.0426";"0.0571"
"414";"ILMN_1651737";"LOC644689";" 6.22";"0.858";"0.0431";"0.0454";"0.0537"
"415";"ILMN_1705151";"SF3A3";"10.07";"0.858";"0.0456";"0.0512";"0.0454"
"416";"ILMN_2210729";"STYXL1";" 9.13";"0.858";"0.0534";"0.0458";"0.0430"
"417";"ILMN_1677446";"TMEM189-UBE2V1";" 6.25";"0.858";"0.0543";"0.0442";"0.0437"
"418";"ILMN_1765701";"LOC399942";" 8.27";"0.858";"0.0444";"0.0422";"0.0557"
"419";"ILMN_2089167";"RHOD";"10.11";"0.858";"0.0491";"0.0424";"0.0509"
"420";"ILMN_1657862";"AHCY";"12.13";"0.858";"0.0475";"0.0450";"0.0499"
"421";"ILMN_1748968";"ATG10";" 6.98";"0.858";"0.0438";"0.0437";"0.0549"
"422";"ILMN_1742145";"ESPL1";" 7.53";"0.858";"0.0524";"0.0449";"0.0451"
"423";"ILMN_2182482";"SHCBP1";"12.56";"0.858";"0.0500";"0.0480";"0.0443"
"424";"ILMN_2326282";"C19orf6";" 7.58";"0.858";"0.0445";"0.0536";"0.0444"
"425";"ILMN_3244060";"LOC285205";" 4.99";"0.858";"0.0442";"0.0522";"0.0461"
"426";"ILMN_1686392";"NBAS";" 6.47";"0.858";"0.0429";"0.0427";"0.0569"
"427";"ILMN_3187479";"LOC100129982";" 6.21";"0.857";"0.0481";"0.0422";"0.0522"
"428";"ILMN_2088410";"PSMG2";"10.50";"0.857";"0.0478";"0.0458";"0.0491"
"429";"ILMN_1732782";"SCN2A";" 5.10";"0.857";"0.0431";"0.0513";"0.0481"
"430";"ILMN_1745132";"GDF11";" 5.20";"0.857";"0.0510";"0.0461";"0.0456"
"431";"ILMN_3252446";"LOC100129543";" 5.41";"0.857";"0.0476";"0.0454";"0.0497"
"432";"ILMN_3281627";"LOC100132513";" 5.15";"0.857";"0.0431";"0.0442";"0.0554"
"433";"ILMN_1669057";"LOC642921";" 5.89";"0.857";"0.0422";"0.0501";"0.0504"
"434";"ILMN_1768751";"MTA3";" 8.64";"0.857";"0.0509";"0.0487";"0.0431"
"435";"ILMN_1750518";"THOC4";"10.23";"0.857";"0.0423";"0.0564";"0.0441"
"436";"ILMN_3283960";"LOC439950";" 5.06";"0.857";"0.0478";"0.0511";"0.0439"
"437";"ILMN_1718001";"PHKB";" 4.91";"0.857";"0.0441";"0.0489";"0.0498"
"438";"ILMN_2189424";"MRPL20";" 7.17";"0.857";"0.0493";"0.0501";"0.0435"
"439";"ILMN_1800843";"SCAMP4";" 5.43";"0.857";"0.0446";"0.0496";"0.0488"
"440";"ILMN_1685602";"TMEM41A";" 6.92";"0.857";"0.0548";"0.0443";"0.0438"
"441";"ILMN_1687840";"ABCB7";" 8.02";"0.857";"0.0529";"0.0461";"0.0440"
"442";"ILMN_1737965";"ELOVL4";" 7.69";"0.857";"0.0437";"0.0533";"0.0460"
"443";"ILMN_1809607";"PPIF";" 6.68";"0.857";"0.0422";"0.0422";"0.0586"
"444";"ILMN_2179063";"DDHD2";" 5.60";"0.857";"0.0496";"0.0513";"0.0422"
"445";"ILMN_2228538";"IRAK1BP1";" 5.13";"0.857";"0.0488";"0.0422";"0.0521"
"446";"ILMN_2406132";"LILRB3";"12.95";"0.857";"0.0489";"0.0424";"0.0518"
"447";"ILMN_1664610";"LOC402057";"13.84";"0.857";"0.0580";"0.0423";"0.0427"
"448";"ILMN_2141444";"RPL18A";"13.79";"0.857";"0.0528";"0.0479";"0.0423"
"449";"ILMN_1672661";"SP110";" 7.23";"0.857";"0.0466";"0.0541";"0.0424"
"450";"ILMN_2324002";"CALD1";" 7.45";"0.857";"0.0423";"0.0550";"0.0459"
"451";"ILMN_1807710";"HINT1";"13.02";"0.857";"0.0572";"0.0430";"0.0430"
"452";"ILMN_1760792";"KLHL7";" 7.53";"0.857";"0.0483";"0.0491";"0.0459"
"453";"ILMN_1787567";"TSC22D1";"10.60";"0.857";"0.0432";"0.0472";"0.0528"
"454";"ILMN_2301083";"UBE2C";"11.21";"0.857";"0.0430";"0.0560";"0.0443"
"455";"ILMN_1652594";"ACTR5";" 5.86";"0.857";"0.0553";"0.0454";"0.0426"
"456";"ILMN_3287996";"LOC400446";" 9.26";"0.857";"0.0549";"0.0460";"0.0424"
"457";"ILMN_1693685";"LOC205251";" 8.43";"0.857";"0.0501";"0.0423";"0.0510"
"458";"ILMN_1713449";"TBX3";" 5.11";"0.857";"0.0442";"0.0423";"0.0569"
"459";"ILMN_3193858";"LOC100129022";" 5.28";"0.857";"0.0466";"0.0489";"0.0480"
"460";"ILMN_3302499";"LOC730990";" 8.02";"0.857";"0.0448";"0.0496";"0.0492"
"461";"ILMN_3308743";"MIR125B2";" 5.22";"0.857";"0.0579";"0.0433";"0.0423"
"462";"ILMN_1809944";"TRMT12";" 9.06";"0.857";"0.0518";"0.0481";"0.0435"
"463";"ILMN_1671935";"LOC646103";" 5.37";"0.856";"0.0472";"0.0441";"0.0523"
"464";"ILMN_1714499";"LOC646920";" 5.00";"0.856";"0.0580";"0.0434";"0.0422"
"465";"ILMN_2404850";"RPL14";" 9.72";"0.856";"0.0499";"0.0493";"0.0444"
"466";"ILMN_1812970";"RWDD1";" 5.47";"0.856";"0.0422";"0.0447";"0.0567"
"467";"ILMN_1797413";"SNX7";" 5.11";"0.856";"0.0512";"0.0432";"0.0492"
"468";"ILMN_1801984";"VHL";" 4.99";"0.856";"0.0438";"0.0576";"0.0423"
"469";"ILMN_1780894";"ANTXR1";" 5.59";"0.856";"0.0524";"0.0488";"0.0425"
"470";"ILMN_3241750";"CCNI2";" 4.97";"0.856";"0.0422";"0.0448";"0.0568"
"471";"ILMN_1674050";"COL8A2";" 5.85";"0.856";"0.0437";"0.0571";"0.0429"
"472";"ILMN_2321931";"DCLRE1C";" 7.13";"0.856";"0.0434";"0.0497";"0.0507"
"473";"ILMN_1822220";"";" 4.90";"0.856";"0.0581";"0.0423";"0.0433"
"474";"ILMN_3285742";"LOC100131786";" 4.92";"0.856";"0.0422";"0.0422";"0.0594"
"475";"ILMN_3210817";"LOC644256";" 5.02";"0.856";"0.0588";"0.0422";"0.0427"
"476";"ILMN_1679391";"MAMDC2";" 5.01";"0.856";"0.0501";"0.0513";"0.0423"
"477";"ILMN_2075794";"NLRP8";" 9.91";"0.856";"0.0514";"0.0489";"0.0433"
"478";"ILMN_1719254";"TRIM9";" 5.01";"0.856";"0.0513";"0.0447";"0.0478"
"479";"ILMN_1713178";"FAM116A";" 8.74";"0.856";"0.0472";"0.0438";"0.0528"
"480";"ILMN_1794324";"CNOT4";" 5.28";"0.856";"0.0476";"0.0456";"0.0507"
"481";"ILMN_3222425";"LOC729852";" 5.79";"0.856";"0.0478";"0.0539";"0.0422"
"482";"ILMN_1661366";"PGAM1";" 8.40";"0.856";"0.0432";"0.0422";"0.0585"
"483";"ILMN_1768357";"RTN1";" 5.03";"0.856";"0.0426";"0.0547";"0.0467"
"484";"ILMN_1658728";"ZBTB25";" 5.75";"0.856";"0.0592";"0.0422";"0.0425"
"485";"ILMN_2413318";"C15orf57";" 6.80";"0.856";"0.0548";"0.0422";"0.0470"
"486";"ILMN_1740231";"ELMO1";" 6.90";"0.856";"0.0431";"0.0529";"0.0480"
"487";"ILMN_1670532";"GMCL1";" 7.80";"0.856";"0.0426";"0.0592";"0.0423"
"488";"ILMN_2347798";"IFI6";" 5.93";"0.856";"0.0445";"0.0500";"0.0495"
"489";"ILMN_1785919";"LOC728229";" 5.42";"0.856";"0.0548";"0.0438";"0.0454"
"490";"ILMN_3234116";"LOC730382";" 8.40";"0.856";"0.0545";"0.0421";"0.0473"
"491";"ILMN_1732300";"POLR2C";" 8.26";"0.856";"0.0469";"0.0489";"0.0481"
"492";"ILMN_1719163";"ZNF557";" 5.76";"0.856";"0.0480";"0.0495";"0.0466"
"493";"ILMN_1666939";"LOC654123";" 5.15";"0.856";"0.0464";"0.0482";"0.0495"
"494";"ILMN_1747771";"LOC730744";"10.96";"0.856";"0.0563";"0.0455";"0.0423"
"495";"ILMN_1653028";"COL4A1";" 5.31";"0.856";"0.0482";"0.0518";"0.0441"
"496";"ILMN_1855412";"";" 4.83";"0.856";"0.0505";"0.0510";"0.0427"
"497";"ILMN_1659444";"KIF1B";" 5.44";"0.856";"0.0573";"0.0428";"0.0440"
"498";"ILMN_1696749";"LMNA";"10.70";"0.856";"0.0458";"0.0548";"0.0436"
"499";"ILMN_1674694";"LOC643918";" 6.51";"0.856";"0.0424";"0.0487";"0.0531"
"500";"ILMN_1716259";"PROK1";" 4.98";"0.856";"0.0563";"0.0424";"0.0455"
"501";"ILMN_2370907";"RAD51L3";" 6.20";"0.856";"0.0583";"0.0435";"0.0424"
"502";"ILMN_1809750";"TDRD1";" 7.17";"0.856";"0.0577";"0.0423";"0.0442"
"503";"ILMN_1769673";"ZNF655";" 5.27";"0.856";"0.0446";"0.0570";"0.0427"
"504";"ILMN_2383484";"C19orf48";" 7.75";"0.856";"0.0423";"0.0597";"0.0423"
"505";"ILMN_2373335";"LIG3";" 5.54";"0.856";"0.0434";"0.0482";"0.0528"
"506";"ILMN_1797704";"LOC729252";" 4.97";"0.856";"0.0472";"0.0509";"0.0462"
"507";"ILMN_1727642";"MOGS";" 7.05";"0.856";"0.0449";"0.0540";"0.0454"
"508";"ILMN_1756676";"PHF19";" 7.88";"0.856";"0.0484";"0.0427";"0.0532"
"509";"ILMN_1713688";"DHX32";" 8.47";"0.856";"0.0562";"0.0452";"0.0430"
"510";"ILMN_1670472";"FAF2";"11.31";"0.856";"0.0562";"0.0423";"0.0459"
"511";"ILMN_1851063";"";" 5.09";"0.856";"0.0564";"0.0458";"0.0422"
"512";"ILMN_1777397";"MSX1";" 7.54";"0.856";"0.0456";"0.0564";"0.0424"
"513";"ILMN_3246391";"SNORD52";" 5.26";"0.856";"0.0521";"0.0421";"0.0501"
"514";"ILMN_1802753";"TSSC4";" 8.98";"0.856";"0.0540";"0.0430";"0.0473"
"515";"ILMN_1798372";"ANXA2P3";" 6.89";"0.856";"0.0421";"0.0469";"0.0555"
"516";"ILMN_1916702";"";" 5.04";"0.856";"0.0427";"0.0591";"0.0427"
"517";"ILMN_1855430";"LOC199800";" 4.93";"0.856";"0.0540";"0.0454";"0.0451"
"518";"ILMN_1715680";"NEIL2";" 5.57";"0.856";"0.0426";"0.0466";"0.0553"
"519";"ILMN_1798712";"USP4";" 6.06";"0.856";"0.0597";"0.0424";"0.0424"
"520";"ILMN_3244363";"WIZ";" 4.90";"0.856";"0.0473";"0.0490";"0.0482"
"521";"ILMN_1809267";"CLCC1";" 5.56";"0.855";"0.0442";"0.0443";"0.0561"
"522";"ILMN_1733035";"FAM128A";" 5.76";"0.855";"0.0470";"0.0448";"0.0528"
"523";"ILMN_3252941";"LOC100127918";" 9.31";"0.855";"0.0486";"0.0423";"0.0537"
"524";"ILMN_1656335";"RIT1";" 7.41";"0.855";"0.0455";"0.0569";"0.0422"
"525";"ILMN_1772845";"SNRNP35";" 6.60";"0.855";"0.0427";"0.0421";"0.0597"
"526";"ILMN_1792518";"STX7";" 7.32";"0.855";"0.0422";"0.0595";"0.0430"
"527";"ILMN_2330948";"ARF1";" 7.76";"0.855";"0.0591";"0.0423";"0.0433"
"528";"ILMN_1887403";"DBT";" 5.02";"0.855";"0.0422";"0.0604";"0.0421"
"529";"ILMN_1872419";"";" 9.22";"0.855";"0.0498";"0.0488";"0.0461"
"530";"ILMN_1796126";"MXRA7";" 5.26";"0.855";"0.0483";"0.0442";"0.0522"
"531";"ILMN_1768399";"ARFIP1";" 5.35";"0.855";"0.0526";"0.0485";"0.0437"
"532";"ILMN_1712386";"C21orf45";" 7.68";"0.855";"0.0455";"0.0571";"0.0421"
"533";"ILMN_1842435";"";" 5.48";"0.855";"0.0488";"0.0496";"0.0464"
"534";"ILMN_1651899";"LOC653314";"13.80";"0.855";"0.0421";"0.0546";"0.0481"
"535";"ILMN_1664440";"TP53BP1";" 8.82";"0.855";"0.0569";"0.0427";"0.0451"
"536";"ILMN_3243117";"TTC9";" 6.08";"0.855";"0.0599";"0.0428";"0.0421"
"537";"ILMN_1743187";"C6orf120";" 5.27";"0.855";"0.0440";"0.0471";"0.0538"
"538";"ILMN_1753498";"COASY";"10.97";"0.855";"0.0431";"0.0449";"0.0568"
"539";"ILMN_2115125";"CTGF";" 5.23";"0.855";"0.0459";"0.0508";"0.0481"
"540";"ILMN_2061419";"CYCSL1";" 6.95";"0.855";"0.0469";"0.0532";"0.0448"
"541";"ILMN_1759277";"OIP5";" 8.46";"0.855";"0.0470";"0.0428";"0.0551"
"542";"ILMN_2059549";"SYK";"10.31";"0.855";"0.0423";"0.0436";"0.0590"
"543";"ILMN_1678814";"UBL5";" 6.64";"0.855";"0.0490";"0.0426";"0.0534"
"544";"ILMN_1664006";"AGL";" 6.89";"0.855";"0.0518";"0.0498";"0.0434"
"545";"ILMN_1669394";"EI24";" 9.66";"0.855";"0.0449";"0.0424";"0.0577"
"546";"ILMN_3238353";"LOC100130818";" 5.71";"0.855";"0.0450";"0.0452";"0.0549"
"547";"ILMN_3246004";"LOC100133666";" 4.92";"0.855";"0.0434";"0.0470";"0.0546"
